9999
9999
9999
9999
9999
9999
9999
9999
9999
9999
9999
9999
9999
9999
9999
9999
9999
9999
9999
14.68398268398268
14.677948824630747
14.269565217391307
14.699047619047617
14.697062937062938
14.993682645856559
15.272486772486772
15.534975369458127
15.782493368700266
16.016248506571085
16.237327188940093
16.446708463949843
16.64527629233512
16.63061185427916
16.46814702380952
16.2809092001092
16.08507241231332
16.197023291093167
16.28205128205128
16.447059254376327
16.59302789436171
16.551567886087263
16.545743628141913
16.503584175211326
16.519810858063185
16.565063131239587
16.610171718836394
16.85141116911878
16.601229544057013
16.65313381261469
16.832118089710796
16.8879895935152
16.93808916671445
16.894252852656145
16.882335589941956
16.94968512847845
16.939941753235477
16.788324466209016
16.806823684789787
16.909080077242287
17.113307521207712
17.038394549601364
17.124361043852566
17.150159305933485
17.23726959428731
17.020376261184357
16.777823826543884
17.17755183501859
17.174826831944195
17.248805014131126
17.122945181854885
17.179523683793896
17.21739896963244
17.260936429387137
17.1397898196878
17.233179199427713
17.305813972856264
17.462924833062747
17.405753230542377
17.398040554997337
17.295626179127094
17.312374888008573
17.40953505375864
17.45002412752542
17.537445167302263
17.451930205126892
17.468274240940488
17.466573194070335
17.31437161155736
17.320573897625877
17.418183567654122
17.809416407449643
17.294737809721234
17.4325069963383
17.327605611641594
17.49909353679621
17.415968183340013
17.314077171671638
17.280219011928185
17.232278078323297
17.369518841150388
17.31141555915811
17.37109629457832
17.66075729164464
17.568036066714512
17.61728858202359
17.532475239525482
17.701095624805927
17.591339528838876
17.27757169951473
17.41137696714572
17.530615971592002
17.82544373066672
17.48634227443222
17.452856872721938
17.324637130345437
17.70547940759394
17.410758162777242
17.430353878276186
17.293103448275865
17.40733779003311
17.458034978933107
17.421504715182692
17.47127459256354
17.47904070842904
17.473977891363596
17.492704376806966
17.80233041159939
17.310492300596508
17.672090166650484
17.703184338577213
17.57904881110597
17.55014802649777
17.624861647746737
17.745832229519415
17.72756108551216
17.630360821974946
17.69107225252793
17.653871644372742
17.79111799634568
17.689643603520466
17.735249857597037
17.79537920721066
17.903692549976302
17.722863795474172
17.857687179510012
17.710367913417524
17.41384637007854
17.655262472569138
17.6834108225166
17.80084789762395
17.806150417698948
17.681317629080656
17.669809006457438
17.472863156224548
18.005148904093417
17.931368140515563
17.690553714820354
17.636210148727457
17.528560629829315
17.803895954396218
17.905135230299628
17.677552110262933
17.9081395909809
17.602037721960894
17.846150368223178
18.035246434532024
18.019005099965735
17.728554564827554
17.67624255064818
17.943408149441563
17.938466588521123
18.146417274171885
17.828798887190953
17.841483204628155
17.869383145948884
17.63016878392277
17.601510750793146
17.45084189154298
17.535212480947063
17.72871700800876
17.750152850969304
17.7733619544322
17.966891434864113
17.844512140786488
17.956676258004467
17.78839600082858
18.00237952253899
17.846522072622765
17.949958269657415
17.847666092098585
17.82669867961692
18.165246505446316
17.828301682981195
17.853760537642362
18.178612308626974
17.795928874853253
18.219922082661242
17.95904127066448
18.07050976079055
18.07460366109101
18.024203634270783
18.161580759092736
17.99853504094081
17.934096081812736
17.75083032458952
17.8476662046224
17.71420230493595
17.80872433510796
17.918982349699153
17.922240753917315
17.74077722278691
17.908442450074045
17.995100865559834
17.87558845120371
17.839877833928735
17.76087202687064
17.860081637139427
17.653889555680284
17.88498651406895
18.097142894897825
17.966109977648774
18.05095797683102
17.847607007546543
18.122108445356123
18.024063244367028
17.97120105943708
18.083556042865432
17.885481365733476
17.950411347725876
17.89894881737207
17.814907102695965
17.88407683227878
17.89163416387681
18.01941535791952
17.996081855350074
18.167789375062203
17.973072221079256
17.979977610172547
18.10694521327426
17.821722307407153
17.840540449537308
18.121729459466824
17.95892713700318
17.6039005949782
18.005988080063958
17.71467391279395
17.993445776955244
17.933848225174934
18.18584311568852
18.134073146713465
18.208213091689
18.05728179351349
18.19212325113634
17.863100099798622
17.78349930914564
17.886104023257392
17.83508716372897
17.835993862876265
17.95951078624212
17.944060570725384
18.185957826754574
18.227344335182337
17.997406425408602
18.049779178530105
17.98792390619159
17.750443422892733
18.272396753337876
17.74132945564166
17.880018741776187
17.865537176062375
18.087035912256646
18.155931836283507
17.878120140023015
18.04921108682657
18.070687963652496
17.94061999319217
17.82043405061783
17.788613364702027
17.91816708480641
18.258502376401797
18.291050952417145
18.353067858375816
18.13528189545719
18.027705144866033
17.969650784162404
18.307217281451887
17.869985238140277
17.87614190990698
18.087970918522768
18.151095901813292
18.11152139572668
18.036887587198898
18.183940628109983
17.87732454279637
18.09027242993254
18.203155508379933
18.182657758186973
18.201189214137926
18.29665630677844
18.19947304502857
18.225523307712567
18.188734166246743
18.16534029177238
18.28628627533545
17.977528386434148
18.0743693184929
17.981171297194198
18.11628880803879
17.77036782458679
17.929452689290923
18.17945914591932
18.077570124707815
18.10933029662552
18.067512467243375
17.913041524277176
18.107050844679378
17.819598030477295
18.092833444945295
18.140808654101864
18.31007750912754
17.98223091702105
18.042298898314687
17.95544756008141
17.992919210820173
18.204204581637747
17.964292259241475
17.813003296898255
17.97582355189144
17.991086386994017
17.764626621609104
18.142625019738755
18.172820057508588
17.925571371029598
17.881989053161128
17.942215772300646
18.06071452281745
18.019692983640446
18.161505371812407
18.06676023368767
17.871420919485406
17.97205914108906
17.923921212011336
17.80315235967792
17.75525825095216
17.858405778222927
17.80386416918596
18.023306272715914
17.97719139070514
17.809980057385076
17.993628950785475
17.830182664636734
17.825543805558883
18.015028298795215
17.97538283268068
18.48226141934727
18.328081213651878
18.314462999518426
17.796530009694827
18.097220114124788
18.268574571435188
18.09005172941743
17.87186941705435
18.116233694388363
18.0131599348458
17.996142342348637
18.20595116408751
17.8399565767184
17.973436618204527
17.84541352037228
18.149693593143517
17.922180604535843
18.085065911197788
18.036220435970773
18.015647994573637
17.952447443662887
18.296895776218697
17.887519615102864
17.98463078186747
18.092938030608455
18.133981956566817
18.070380751722197
18.02110318875013
17.908743369628368
18.10194132996191
18.248318001506384
17.942521408908025
18.13368651544216
17.959363782104518
18.07174667131464
17.757807844626175
17.901092783485772
18.168616613430512
18.265623391222704
18.24959263756319
17.966987763326017
18.10499402781698
18.28075474575611
18.245903481010966
18.084097441091195
17.787123217991198
17.722750138477963
17.644781063737312
17.91448831440813
17.9233310016478
18.279766359137533
18.081973336234796
17.730463604613277
17.902275708832388
18.220783012765907
17.699662642911168
17.97004676022515
17.850845595985245
17.701801596500957
17.86245743275952
17.869219781267834
18.15939911612012
18.171531507720093
17.911471606094977
17.977401536065486
17.93909517196953
18.312503684810757
18.258899117249836
18.280752768250657
17.96451335616864
17.77622741781778
18.05371178562948
17.946874056218554
18.19915128475339
18.061146454871604
17.973760551684713
18.351669704221802
18.210064420169097
18.362045780368486
18.223881982698448
18.301082831936885
18.365593796647687
18.06317261084771
17.895824952469024
18.086642333137416
18.004187592932876
17.979076880643373
18.124904778333587
18.070053438135407
17.94521379747113
17.979690135736025
17.928077176820008
18.15903132865901
18.334197864954643
18.010022475141493
18.009821123060856
18.294883360831598
18.205744727127378
18.352470454831515
18.08033089356217
18.431149868102867
18.323642821427608
18.33806183995286
18.18421491068443
17.87767509581028
18.15075969597062
18.179515821452178
18.17014317298922
17.945924750136367
18.214438146243637
18.015637618956482
18.42243737723057
18.125213795476714
18.136722763349486
18.095399593632624
18.02505439377724
18.075676999687882
17.792935312739075
18.041483106755148
17.98578066198739
17.9790392062844
18.156712752442253
18.078255319207493
18.031553266137873
17.92347421876362
17.903110050826772
18.121274244647747
18.194921781656873
18.13052896638881
17.844084198254073
17.97341964941759
17.97934630043669
18.213559264998903
18.00354673010114
18.071251787117255
18.245778517067173
18.1580584765846
17.97876343631463
17.745806834255433
17.863922235381665
18.001289767047762
18.018741167664395
18.102560633106705
17.926513777298133
17.832763048102205
17.695652152307723
17.727217049639247
18.065476832595213
17.824424525310494
17.773695896515044
18.188467641148776
18.10745462630506
18.41115936278753
17.809847634656332
18.18474745871098
17.94352923939907
17.950233388379697
17.9703918865991
17.964780090300923
17.968246040120167
18.15576396011151
17.967228916904283
17.971696245326893
17.75448366760468
17.861750825011104
18.08552691053329
18.05747321512447
17.800232383050176
18.33985188849997
18.04835459296672
17.69308136980487
18.0280748194579
18.079453256704053
17.67558556790218
17.96533928243692
17.990821315325153
18.06822062188166
18.423712947044987
18.067595941493273
17.785624327347282
18.05770409572522
18.243782518624474
18.05603151153591
18.25826117997754
18.23199042878822
18.101090812872222
18.3733734328808
18.03512293883618
17.88624694301718
17.783605577891176
18.18838146974949
18.1293573495695
17.883545649570564
18.10127123236816
17.984100549981342
18.007274535797247
17.853074871898134
18.00323083113569
18.164070882174734
17.805951732446847
18.186043355092792
17.885777045168602
18.30398616968558
17.863560936353828
17.872332851984265
18.028508479672812
17.81990210961373
18.24908502648697
18.162685703051366
18.181464945387244
17.95360950621471
17.952766693758523
17.89737440375988
17.87574551881814
17.866154381959703
18.368349707666468
18.464033827010955
18.085982171659097
18.08838864203787
18.203067933341472
18.432114595218945
18.064690706192298
18.14733108415013
18.59334755810668
18.52289940439307
18.16514087936263
18.136268706716763
18.382847679477408
17.929295193418113
18.13427354296913
18.24628493228994
17.619899798251524
18.308086449542003
18.048403621604628
18.09254010428919
18.145897720694855
18.155926498944616
18.03340459831735
18.085143884899097
18.09708653501502
17.973832089692326
17.900517369692636
17.78107281574838
18.08311654114754
17.86136613012501
17.92667128386298
17.709526048417352
17.737059145170576
18.39190323383688
17.941519652675044
18.11312326390744
18.263133952516835
18.076277479075976
18.148551814419744
18.24067329838116
18.23476780147429
17.86200435321042
17.79127884624137
18.10876029344818
18.06325100167143
17.900369104208085
17.95378304548875
18.203517193920092
17.460098423794417
17.749858759520965
18.169743701833713
17.80114497635149
18.13527890083699
17.82279004229751
17.73637708686735
17.813825103021042
17.715069352004313
18.104507367022737
18.0584760815738
17.91159704731929
17.917551083969844
18.149755469385564
17.829290635068165
17.812094411168328
17.840679225099414
18.084054966398785
18.026713967489677
17.932097009256736
18.171034653224982
17.905807577437827
18.044628403566048
18.363702531829347
17.99690367671521
17.95474412224007
18.146330189373614
18.308512754360518
17.84333377153399
17.721513896348306
18.223069835744074
17.904294695276327
18.045670062391693
17.755656481113594
18.154980756685422
18.2755549408285
18.50541942804252
18.51469463898291
17.898210555689303
18.100950805608004
18.326989805401706
18.091109639306957
18.2280537042702
18.26223394188035
18.154439636442252
18.08749033161091
18.0920434134882
18.24617956405287
18.160349451832545
18.070078831561457
18.181679278244
18.04851518768054
18.222072239027547
18.15938832914256
18.132045068109537
18.35996637009099
18.34587787135386
18.266979477822613
18.227624802452905
18.904860142428156
18.402156983861317
18.45481118772685
18.250253216103445
18.257100002000612
18.004383779866732
18.087466717827088
17.911707452221723
17.991482170228544
17.832450838631964
18.158934769028786
17.76932592378631
18.11283039160614
18.059500597579756
17.86821113016084
17.823783549187027
17.786592905185895
18.163412049153095
17.922922148044478
18.395055349903636
18.146009351946677
18.31532655456149
18.018703019518426
18.304728256636025
18.05411728206467
18.085609061216985
18.213922712254238
18.215271987031702
17.916006240457104
18.494615056655483
18.016588377611246
18.043271144567694
18.22847237367352
18.206720087375967
18.135889861372156
17.988607810887345
18.09333535554751
18.11845568831836
17.749997343126026
18.103311146156965
17.845442069725454
18.149964568525952
18.416376036953597
18.112169152180666
17.917107729129235
18.1383242090281
18.459908002067664
17.997322355948953
17.88506498493201
17.94939845179901
18.03976191594262
18.174175176877036
18.11120348163353
17.913293356411682
18.053893605023195
18.099284187315977
18.021085831773565
18.69000113060459
18.277654421547147
18.23323465354486
18.213286220269946
18.613377882785574
17.86382606681885
18.19448669484187
17.86161112060749
18.136919940633792
17.924353882546345
17.782385101981877
17.9798689580614
18.129657834395108
18.455835882661592
17.72901970082452
17.84978598482581
18.003038428702084
18.380067749449683
18.161792028229705
17.879399290327385
18.05259369948439
18.132571882031684
18.244969689959156
18.186663932083224
17.98577608697514
17.871123745506548
17.818677838618164
18.460117774725326
18.36407006213007
17.881241119440492
17.973200391704427
17.845415488019984
17.815797559259472
18.344709228386925
18.052351916331645
18.15848888852045
17.773237023641492
18.469590802883747
18.213071076688607
18.346546794936195
18.227384391823364
18.362344785204225
18.087378125133323
18.001261795163217
18.044870005009148
18.194407032593308
18.2304786390742
18.40631493463146
18.632510315768442
18.200333044465822
18.15441267070248
18.068018754115354
18.155762966775686
17.799247014006628
18.40641989194249
18.361992774814293
18.044552527623036
18.4521751849885
18.108803149898304
18.7098907078575
18.00917469940158
17.97938871545464
18.035076048373437
17.731064233325007
17.96068063852872
18.024672269058176
18.162647786563795
18.574903187897043
18.411072107905042
18.1593358628062
18.29245767949962
17.806256628752738
18.202540173008728
17.889689462382158
17.890857360867358
18.26932938004817
17.927644135564776
17.883933204128972
18.061449121893144
17.85511660819717
17.98513021066335
18.130806617025875
17.755733628413388
18.103583712355082
17.990864970698993
18.226638305100497
18.312185019817896
17.706670293293378
18.30052738317573
17.967483276646345
18.357042684564764
18.535166398956882
17.84458569602702
17.834512726798323
18.146148475272316
18.17111067763824
18.390049848611852
17.991185819063265
17.940874000917002
17.90700801275237
17.805067840880046
17.949985383466284
18.26356840799451
17.71728585074622
18.1656974580159
18.090200289744562
18.18308347045212
17.73050407396778
18.01819030436476
18.243263360428514
18.093144245935264
17.776920314186622
18.13061115902941
18.056042087131413
18.356210981512806
17.721324729584428
18.379213479961923
18.021893242451902
18.42943442357382
18.14426341177915
18.1279181901922
18.087698437884836
18.238531740832276
18.097306196366215
18.144640142730132
17.703699871665798
18.035518913139104
17.85310562025504
18.04635513227981
18.161718492515625
18.248617707149403
18.677728530933074
18.21085962776054
18.128940540170994
18.22157236868438
18.033883904587615
17.834637912705045
18.15871569474823
18.523187746756406
18.26570596218993
18.314214489781897
18.209371532603367
18.276293228860343
17.988712822424244
17.98038655158425
17.9181791744674
17.967316276368397
17.882699373229674
17.668871879068227
18.005773543891696
17.689996794554123
18.06311595781942
17.680969906358833
18.036934267497067
18.0708656904923
17.933790674552966
18.04585738849478
18.021090191376036
18.036293964627
18.09641609668503
17.92728213196613
17.837401501884056
18.17199301733519
17.691391760282855
18.15865078276881
18.50021697503009
18.150918133166247
19.000141241957834
18.511242470593853
19.065422838423743
18.334081347728397
18.19387444562063
18.26258852847524
18.223632438352748
18.220386243598774
18.146949931190832
18.011006685526446
17.928387938969397
17.923017697044184
18.2409429506269
18.12487315618504
17.876645089049717
18.159009750104804
18.30330678249651
18.150797285236326
18.671002580219906
17.880107414563813
17.95130383718079
17.79289748955643
17.953419718927268
17.967336591487985
18.018039743628137
17.92642673393658
17.659564530838484
18.322869049580742
18.17854751047934
18.460040113739385
18.11256606669745
18.01588675964705
18.498149848490122
18.23927819776335
18.18178351153813
17.816196608422956
18.250289125405725
18.647672571618834
18.264996893465348
18.403173442690896
17.920981053048095
18.175253982669552
18.054024675747243
18.358975946499108
18.523057038832277
18.30289278241418
18.435753645829102
18.02815254779783
18.05199107597114
18.512664938195247
17.95362887106206
18.295126288530415
18.77264835625246
18.725921856796088
18.267970269645865
18.460900674486986
18.397107921975564
18.12559401209025
18.35625624450484
18.113056889298395
17.87588780854773
18.177401035697997
18.719220457072403
18.474224346094466
18.009771488730234
17.86957668280011
17.936670111524386
17.902454929520484
17.86237345732121
18.01987644501886
18.061497425071558
17.93751916003142
18.008417318531855
18.1417535930347
17.99088808755434
18.042517372887826
18.351876764212854
18.363457044216318
18.155668281402615
18.71952811267115
17.96314297886231
17.858577779506444
17.9823477889583
18.612126097210812
18.243300239338616
17.769907302494346
17.97064796885831
18.018731950314738
18.344090468972933
17.874276246365607
17.83140709498326
17.861874234590847
17.958749425433368
17.924698775162284
17.771603432803165
18.311106132267987
18.237959151044077
18.233800790152156
18.093328391017913
18.034576389825514
18.426239663498247
18.296298448648198
18.528411161512597
18.388241105961125
17.867986597487036
17.451960484588938
18.103999002139627
17.960462865939625
18.406295725081332
18.35694069032099
18.357508381780086
17.9792908116632
18.022680323589455
17.916689988746054
18.288197275757405
18.317877260113306
17.77982182682846
18.278448886219557
17.990593746436787
18.210435785770553
18.19961381261547
18.33894684185081
17.826956199598857
18.51967465202682
18.259596556275685
17.890914690366614
18.344061329564816
18.26453068236881
18.331084708626918
17.84370757915512
17.64733870556021
17.75518523523881
18.57572666702155
17.87771379202812
17.917973989967617
18.082455410214337
17.934638903548944
18.038616225222448
17.92122344062682
17.97113680954859
18.011109784403786
18.143124193094785
17.79645710551441
17.779474824174105
18.02340669892501
17.955595337355046
17.95104525436375
18.531524600259562
17.946815006083973
18.052061741616175
17.623044844153046
17.934429923093344
18.358375979912875
17.824097008975386
18.311689974317822
18.136042514590496
18.29214698809985
18.207039100345742
18.392595652063257
18.21029378174976
18.271841088663244
18.02908441507258
18.291490244889122
18.09052141969919
18.111936880058458
18.11588407674483
17.962506210440925
18.286160154017185
18.403733653324707
18.063277598063323
17.836642459557623
17.972075677379703
17.92393051028203
17.94560680105557
17.653135981619123
17.96344077075269
17.969523223244902
18.125895256617977
18.187488753932968
18.610146562468955
18.19402972246743
18.060169801191055
18.07581091104862
18.31377091263474
18.119230401762017
18.36228366187815
18.550124513658982
18.916292827937824
18.501310411789998
18.03311923212327
18.10404474552824
17.9752440443415
17.719897002341604
17.89158517825402
17.934449545120657
17.763453389183134
17.737064205221586
17.87987729129498
17.922334898356524
18.73293497476157
17.79863389666733
18.66730862311795
18.158682183062766
17.518907087142033
17.745656479965824
17.98946077280312
17.624592124209283
17.723431946084975
17.538546737274917
18.17801033448395
18.38159083004272
18.152156294905115
18.142878999603777
18.235513699647825
17.571676398997248
18.15342483012359
17.974497472032585
18.522505027520005
17.624536690984534
18.263715038847355
18.388682676652625
18.00609202830533
18.208552674700737
18.173495704279766
17.9642248666047
18.223018307209955
18.297203919282598
18.047463063335492
17.863244929832938
17.953811559276808
17.74077118222669
18.04870032983692
18.087811158090204
18.35775020407836
18.469172279160215
17.772586365216352
17.55940243866872
17.963596985539862
17.742394213622582
17.621352620508144
17.948485917086064
18.377543697124484
18.22684994436919
17.76209436627327
18.15375687583817
18.31145213564995
18.192556578790924
17.955884612492476
18.24063618070447
18.17152746207464
17.708952132083727
17.964655867738394
18.057935280129836
18.053635856858754
18.41350767730051
18.254668890934912
17.972113942491255
18.86339181779473
18.4562622851341
18.816446057891152
17.94280641634755
18.14285000871729
18.388107533420218
18.000887932430906
18.68560803081653
18.393431324279316
18.258675724032113
17.90605853816864
18.045641188448624
18.559708844451666
17.85984821490371
17.715233252318356
17.95872364087757
17.735047424151904
17.988426982829633
17.89172016247972
18.1508998573731
17.80035687952245
18.225291146874582
18.54777560003619
18.03097073625829
18.010133982669355
18.14177535103402
17.7236466205822
17.77332280336838
17.979293501826188
18.344502938626853
17.952646434759032
18.591930213831898
18.309869181476202
17.946852466672205
18.140540913887573
18.06861072640847
17.646745776885226
17.958773545775408
18.217225262098854
18.126303032603932
18.206326889497713
18.53373322673528
17.989726365878795
17.94259504816862
18.561722712923917
18.288032701031742
18.9004542222413
18.19734827310449
17.814651305424633
18.099355256841932
18.010867366225686
18.295207132732973
18.01673768165973
18.144587936900226
18.09643324325261
17.882212201676392
17.7350710428545
18.35954331095086
17.98452130669253
18.40220821509352
18.386999395583434
17.635820243181705
18.198703244253696
18.039511524514953
18.093728800391517
17.814810246004615
18.240888347569005
18.17618693226878
18.442036753552838
18.743924593894413
18.087930634490217
18.29381953390339
18.751433028447497
18.71787390926378
17.929620977867422
18.343878350629335
17.842507820918897
18.423169662532928
17.920366440200567
17.889479455545516
17.966944428889935
17.649885644449576
17.70243546059623
17.543939514704054
17.892909146853317
17.789034185070932
17.54078403471514
18.23300294086935
17.888958882487035
17.90894400169746
18.66457804915214
18.11341418092197
17.850705914631625
18.222169454714308
17.497857781584255
17.905007349243636
18.1953930659803
18.442267025845158
18.00324816576138
18.080099813411127
17.83543368391428
17.4093776714347
17.71254032613119
18.32467991568218
18.42106970774638
18.03322147354846
18.289160782374168
18.092260407841586
18.03200195895717
18.376547768580853
17.841847627510393
18.234167779982524
17.99544451166636
18.02878631219421
18.082389008581295
17.81027183792806
17.801299248428283
17.883279003305518
18.067041315492084
17.678331475228617
18.195464753818005
18.365765829740432
17.945809725666763
18.11683785618993
17.93182303610958
17.773682216227943
17.59457811147494
17.426199098208716
17.765728531475858
17.92353794723978
18.13878844279125
18.04556248082744
18.50561963628822
18.107150154156756
17.970805854542476
18.06624342553618
18.073375719922062
18.571639460093394
18.331545112255945
18.545899739858164
18.525251145288596
18.744531499150572
18.210533226060534
18.62429294005496
18.379154523283194
18.26423468146806
18.324048412964196
17.607878674310772
18.165206703785348
17.893089376784022
17.728718436867275
18.484436559831828
18.883794210180447
18.082951641111343
18.463400089925067
18.399139593360204
18.03198812228103
18.257929427473655
18.805577307135906
18.441527447582835
18.487846173683447
18.34957113498303
18.444991968387143
18.542369671908357
18.356090031728673
18.545035318677865
18.568045168383584
18.501311838571326
18.543904644286823
18.16142308042805
17.754335068549103
17.659227766994583
18.218026890920637
17.913788356332578
18.143742411610045
17.921962489362596
18.375409398963285
18.255937018273414
18.398965052899662
18.29424612701008
17.87600772967331
18.28601665397767
18.280485899852017
18.317830229141148
18.024550188312283
18.06548175048588
18.697856680419424
18.75111224765969
18.12013744644619
18.655422817423098
17.867238047059306
17.872283787543925
18.369710289881695
18.03732436466433
18.950098480507464
18.63429780832579
18.18076425724633
18.34654361577798
18.331614367327052
18.153995655231107
18.742874460462634
17.929830564774687
17.644324351756836
18.027082952655025
18.081337287877858
18.208480481059667
17.72721952224856
17.910175744078
17.970517540595008
17.893197413829498
18.612266315299028
18.147441778192956
18.441951517356415
17.8912297884817
17.937364170599704
18.64017949341047
17.888970616724198
17.984510784896905
18.158998146385645
18.051758245631916
17.915115745800403
18.697585083615277
17.92964479780164
18.307200094272833
18.277652367851235
18.408775746302666
18.14488563752605
18.203714160507474
18.493156872007734
18.556827124811505
18.255939070203553
18.002248214950928
17.853450076126848
18.165544403779464
17.87945091241767
18.485836931756182
18.139149287404454
17.740807003017476
18.009978571467137
17.783741733098058
17.89250530150807
17.690548728668016
17.883837879280446
17.660472695066087
17.805911927300315
18.0433368291202
18.638906696796926
18.679428618758884
19.06839477120328
18.522530407918683
18.58954329731958
18.623284462376024
18.218025985849376
18.233307087508717
18.7848202317306
18.54922321855332
18.311409704087854
18.35708154356507
18.47644171093659
18.507786452751454
18.248454428926806
18.330924441077528
18.23165405223485
17.743708209771548
17.751218254551485
18.167268015705677
17.724952124857293
17.85430456608557
17.823835414194182
17.959725895547866
18.032062388763812
18.242793878512696
17.735892165581124
17.76245092663429
17.90314923093286
18.89891677910728
18.122334050459088
17.545187152400214
17.99337771111764
18.062780943991257
18.330959950010346
18.091477828206795
18.15343487122909
18.087936642436528
18.193623899357224
18.23923270124604
17.77041588671954
17.81914960521368
17.68131382359092
17.66155193058111
18.511084028861465
17.956099640292805
18.137374398132074
18.286806159051473
17.766723074320417
18.317041921467922
18.57375132730613
18.19421457528503
18.423685822418463
18.353177153351627
18.406012062045303
18.151592171236594
18.443093964166458
18.282823211150085
18.348818209664245
18.001079910819698
17.85613944396498
18.19799891410762
18.467523087742034
18.843806369664225
18.574717039644106
18.105559280198374
18.108490348839222
18.685236548450074
18.456706201527734
18.723439362865783
18.28426646263985
18.46943829727626
18.54492983230419
18.49254560728486
18.47940761564582
18.266184613502237
18.140510094259156
18.41074295039225
17.993804597796874
18.051775594564923
17.897905674310508
18.47118991018064
18.07672985939196
18.685297799365475
18.805670572107797
18.24319033832029
18.230586591221808
18.1381312450947
18.58317236204503
18.349856068915624
18.264328512462825
18.42132466761345
18.645366180536534
18.546014485510423
18.909154596191993
18.461975730843548
17.988833847898125
17.852541414838488
18.198688719168267
18.51134729009871
18.690526009116844
19.014888792291405
18.1500809894754
18.290964203731086
18.04693302403035
17.981725505076838
18.676714734379203
18.340971400214986
18.777769297235167
18.233020601986876
18.27058918279664
19.217599671768053
18.408483519174986
18.285300765956055
17.898184593757588
17.929884634962477
18.18083198978703
18.769577777994375
18.246260893440027
18.177524066574005
18.170640918543835
18.050410373635778
18.09134749448986
18.3808104831878
18.59772869438949
17.97049792933435
17.45275808040863
18.184472190443486
18.289688827599598
18.636909576101964
18.05573594001327
17.977392786386687
17.620240953900478
18.16887628546385
18.396076261826604
18.08892322370199
18.458447780069477
18.36127570210057
18.02799272285489
18.051567077266633
18.407238062984263
18.523272790266777
18.860664911144923
17.983420255703464
18.184585725088656
17.713590922461254
18.07126793193713
18.547523001136984
17.949001862262715
17.69708432783338
18.229133540587167
18.264863357394802
18.402928276008083
18.318013399367427
18.0974038114638
18.01644300389124
17.971959588966236
17.75507104717677
17.576281367098915
18.957619964315192
18.16573571268584
18.583858998948227
18.414673120621078
17.79374555381803
18.0020997218265
18.65953920342384
17.74132065684202
18.045656076419426
17.911640163707553
18.14019874628353
17.83231584390372
18.11659843585199
17.912537920583752
17.760098146541527
18.941750443044413
18.268208764045298
18.35265056493003
17.899746851620574
17.736171078164755
18.792338723393918
18.273350906280537
17.757471005696075
17.473127231678195
18.039285189367998
17.99913605913427
17.948384867707123
17.865687883541526
17.332355036078443
17.791698034317395
17.433456990162238
17.361449425514827
18.494387757641046
17.68562555229358
18.109346629450062
18.055968503346655
18.014282199795428
17.614216168589316
18.230920692443227
18.459707860698515
17.678521918777253
17.83740781124649
17.55248870494287
18.069141741721413
18.7507440748244
18.3354236699448
17.897852650198665
18.419035385337864
18.579311617288916
18.64468246823916
18.001427394302095
18.023294629627443
17.75683062414375
18.158388942676133
18.270493718256443
18.00479295031341
17.845518685478517
18.109628885565265
17.897652224392775
17.69501263955779
18.288214377897866
17.399436151575664
18.196555356780564
17.778556069323493
17.94987064601045
18.612105090726427
18.87751083131721
19.100409147017206
18.51986961750136
18.516530340501635
18.087356212927112
17.74053168263812
18.097023133584862
17.975389499668022
17.997726266469112
18.666905030966074
18.495270553896216
18.20463532721249
18.291395451317335
17.90444118058826
19.050049306009416
18.503997012013063
18.39654130144149
17.611779515808436
17.499536157664497
17.834666953741372
18.219308249949105
18.72038640276729
18.34589299328418
18.41765882499734
17.905921871021697
18.67510586550558
18.725167297686866
17.96029552208031
18.72886956977361
18.731278960323827
18.89987123996981
18.022277186190912
18.461090395064428
18.541070369276447
17.712083556536836
17.897907464776583
18.404077557154434
17.862015144284232
17.4369051381487
17.6929435281257
17.806643027688047
17.909999104125177
17.968342820482142
17.64582442142542
17.875531810283285
18.609867936625832
18.988288949705755
18.60047475468637
18.00116041599194
18.18231139052708
17.347636483891062
17.88104057548731
17.421344953893314
18.083908024961893
18.403596450372476
17.999169767182668
18.55995050720495
18.13989993589574
17.976484296281885
18.219504995741556
18.34426419888116
17.833860365425043
18.026137459898628
17.67819154573417
17.490265883660022
18.670035642688468
18.38662720482975
18.208682750929448
18.06660324964827
18.270702491785062
17.81214146563433
17.898074867642322
18.569905809856824
18.101101613040658
18.081356024935722
18.397411397273657
17.874507792937475
18.18277180743406
18.372122200730047
18.326952684943613
18.14296376342271
18.796548658269675
18.633287042663323
18.36086336957123
18.059111517842926
17.63656209985765
18.214021141026166
17.91054792432292
18.017560023314694
18.168221952290384
18.452214200552355
17.912552314881136
18.528158231070396
17.51284219242403
17.79459959972159
17.630069308216395
17.83824946651302
18.364980250499862
18.115269389608994
18.68369669299943
18.0893428349256
17.610501214004703
17.88926379900353
17.655871954470218
18.086963653235557
17.74806688898358
18.122868497505515
17.83017919979034
17.88247427679281
18.178470698228335
17.580275721289798
17.975384094947064
18.18461429541729
17.701416068060457
17.785576679462604
17.37866258516408
18.204434523946794
18.347757768412873
18.365310188016764
18.25275384493975
18.10180706607005
18.21772746183785
17.87379026600721
17.72601988934983
17.524067404054474
17.957784488259964
17.642566172545635
17.76462440228396
18.531494518061244
17.871940246634384
17.69934745807675
17.380239695547743
17.545886634847488
18.311269526607187
17.791978240669106
18.502129624905656
17.60854334575419
17.350222379245338
17.711854612394674
18.198871713874592
18.170896696601403
17.815908630479235
18.076204804014807
18.464870922343582
17.84425950719118
17.983964390066348
17.713252404725694
18.248054233364
18.1058705854969
18.278609598008977
18.515580800008298
18.42312886917821
18.12660555621127
18.569225767535862
17.869976540353356
18.228789792951865
18.410867814262755
18.7107646044331
18.23052943407235
18.198693203788544
17.584783108032497
18.1419122673915
18.113780828691365
17.460992111897216
18.35405443586673
18.918522212725897
18.781226504940904
18.210617606128487
18.40426520080669
18.537107894010244
18.280080249477603
18.69935156182009
18.085981642176925
17.425824712687838
18.383877285411263
18.564456627019172
17.507720907639104
18.22273407078349
18.30153680854136
18.2011166806182
18.03167702663627
17.66491984380256
17.563710753475597
17.613904335408968
18.098765422261206
17.838767346186042
17.59238227873081
18.182791016068045
18.271725111705962
17.5024642941885
18.066926979834992
18.260411734720847
17.92629834144333
18.196158752317682
18.160061180139554
18.05528365813686
18.12168693883526
18.180594292946438
18.38287009530904
18.1052767132867
18.909083812172796
18.907472441033246
18.268101735103794
18.707387973067004
18.483817872227196
18.638711968426776
18.70686331648505
18.515785408453503
18.87851638994733
18.954503121716606
19.096918269717868
18.947226255962782
18.165955947945108
17.950515023686652
18.396926754173958
18.35752577964335
18.695280094837635
18.57315806779129
18.63652032352132
19.050738431045296
18.506705695822177
18.31066835586347
18.475871715464113
18.645426621694305
19.035565720237557
17.84247769971902
18.591965531457046
17.830290638731952
17.98322764591732
17.50489024051944
18.51408250740747
17.903362723176684
18.696588153077716
17.749097681179247
18.254637132838496
19.159535202474316
18.84412572232653
18.0678445216332
17.67360207878962
17.956312442459463
18.631476666551894
17.74912045664622
17.857199766486957
18.539810942281342
17.860496446182932
17.596428677063248
17.60107513239182
18.201641485872095
17.70353577496876
17.948877490537804
18.379691222759952
18.343158177285005
17.913192139924064
17.212565228524834
18.30146865666741
18.65635440669799
17.620029204379996
17.916405040553382
17.80937163826578
17.954598519197088
18.28680619375241
18.18913773034277
18.260064381038372
18.445452186349232
17.637859938005242
17.671043321868392
17.768386779634554
17.672496644188485
17.586384074785304
18.564605564181267
18.014743694020098
17.643801092861388
18.18050699168709
18.077752444847516
17.396681928874067
17.962952306128013
17.604911711715037
18.4118727503807
17.849162988836532
17.97167397238078
17.664374165507347
17.487422366622507
18.138518676258567
18.02450272873379
18.82952468866514
18.747743047038377
18.129701238614345
17.745171397395026
18.25880740104935
18.187936878263162
17.914399064648176
18.540554058415072
18.1845309165991
18.281192644997315
18.157196408765625
17.867460814327405
18.601780032963337
17.974009459446517
17.73757208289864
17.798587357394435
18.5003198495126
19.24675994405813
18.073900514171573
18.083585328292507
17.621050424968796
18.37418364396923
17.636594984345994
17.76255894628025
18.229136227465286
18.1449723601962
18.455345367083464
17.967917136597674
17.794029225660704
18.5639470364785
18.00205476268305
17.576180206999993
17.792122364500234
17.71552158768432
17.761974392197885
19.144435036393496
18.527190222701687
18.356572144592377
18.198715276788583
18.161677879482987
17.825876762665594
17.395479678635695
17.49185060733209
17.866104091903797
18.397487114688598
17.48664523782944
18.28167373997789
17.759266741124964
18.330354192823577
17.617253452624663
18.44210705312811
17.858520234902763
17.232177309299868
17.964078124033264
17.406468064687328
17.407828102498023
18.510578554552893
18.038082823081155
17.78082364366481
18.575800671895994
18.09832038703798
18.18696014177228
18.781992572972822
18.882674314454874
18.136695967044286
17.969451137045475
18.086935018978853
17.70969614107082
17.86164129696329
18.092017995330263
17.888218883222965
18.550928724034517
17.990728612078055
17.502250873280204
18.19585976948795
17.64566567330942
17.376576950952078
17.901414935923484
18.524132399927698
17.51230561018978
17.524818193710637
18.109713701048086
18.029979506651785
18.17030539904262
17.38514422476856
17.261831192890867
17.70171730117937
17.592314667447866
