9999
9999
9999
9999
9999
9999
9999
9999
9999
9999
9999
9999
9999
9999
9999
9999
9999
9999
9999
13.295815295815295
13.682546286665279
14.043478260869565
13.961269841269841
13.735814501288184
13.474976530731004
13.569243156199676
13.863218390804597
14.076259946949602
13.889342555458724
13.70414604610371
13.525609313798967
13.708600602894734
13.854450167163641
14.086943164362516
14.040131040131042
14.006806116766619
13.963405016036596
13.923199023199022
14.119116677653263
14.150256987227461
14.158402655678426
14.175825362133516
14.160234440298579
14.041071218165598
14.208446918125727
14.37051864513517
14.373737373737374
14.3676787247382
14.543430690724254
14.522655174109778
14.447492059612742
14.577883981506638
14.437087300121402
14.465998752041227
14.541762606807293
14.60411172026417
14.482283396780772
14.440344274387675
14.364654592898543
14.434382394819396
14.508523494986074
14.58349359211437
14.660230138713747
14.574759265385506
14.559793125438585
14.602130139201153
14.694164371434194
14.624355000343781
14.635199346235712
14.595003227557545
14.583242236695346
14.793805412699747
14.687521755124877
14.611435734715341
14.584768299697446
14.642180159009609
14.616698439080913
14.66878492994291
14.712979976699039
14.760839182197186
14.636652668721013
14.629082475628143
14.760073659093269
14.785921024209303
14.85532310154143
14.964153407946517
14.980200821796789
14.83892569022053
14.757051817760972
14.749293433538929
14.794746759732297
14.697477866431079
14.935636316398568
14.923904224042252
14.741180746426522
14.718283189564515
14.852526927292311
14.827339493085468
14.953163989827557
14.815249124070798
14.779364172853608
14.897958880306316
14.894445864544883
14.904103454938756
14.824193263974633
14.83489096573209
14.879571979336923
14.923553941506505
14.869002712232623
14.877756006285956
14.950056388327667
14.948242355614843
15.037464751534904
14.913943028485779
14.923076923076922
14.932058525278862
14.998330174208014
14.961321885347534
14.967122298540655
14.966535699769674
14.97481007596961
15.037374613441866
14.990967741935481
15.015312283102773
14.99668346082176
15.014271653543272
15.021802325581394
15.029218843172332
15.125890138577791
15.00441084217817
15.050808840282524
15.026941255885195
15.064676616915424
15.095933006818434
15.047220732679117
15.066984920123572
15.091231362735897
15.086504465895072
15.050681167638768
15.02705304150857
14.952075040104965
14.983088316508297
15.052674856176534
15.069890527021627
15.14006150405368
15.145798860084573
15.163677521070216
15.15704697986577
14.953724005815426
14.997470233993988
15.010124823974
15.178677531618707
15.135312452394786
15.146403020403328
15.1774754457284
15.199225993711245
15.068778984193674
14.966145149203577
15.008454693891041
15.175473230114777
15.092976597162368
15.116164913174508
15.156941913459912
15.185408316709182
15.117228682065681
15.116236613944892
15.14146667834314
15.132763363917874
15.183276246842789
15.096826293727029
15.30890127857546
15.269378832645339
15.11091057915954
15.193409441001481
15.043438805937447
15.136022141295603
15.184575888058681
15.046448809782568
15.073609832884307
15.20629651028386
15.12572831087221
14.93480669728888
15.036874745558073
15.11497575100088
15.02220950680936
14.971748995911483
15.041779471050273
14.972866173046665
14.99904998831993
15.171488660147295
15.149259647058232
15.199540232358942
15.027431171910568
15.15839277007877
15.005577655177925
15.08796148709706
14.978925446144274
15.018418859185498
15.093510218383916
15.157062996727666
14.989432686408657
15.037593961511053
15.061067869851902
15.046487268233808
15.317052611295694
15.190994962560644
15.285218871105043
15.311734945338713
15.323216604718896
15.374583958161619
15.281073704437253
15.362424375029752
15.04570281536129
15.089089265300387
15.139989734203352
14.941170380322184
15.064970759960573
15.179555381882402
15.117778566259807
15.174308944719646
15.349911146927173
15.253653620661767
15.019189441707514
15.03018969885354
14.98994448804161
15.072831791053549
15.146958127790322
14.851770750009656
15.268565755350037
14.949981027014388
15.155738012214552
15.164350969824168
14.988565060684136
15.063273690274894
15.096165224492966
15.01124340071777
15.220876082480617
15.228019575192095
15.179037112665894
15.186845553077184
15.236028113548112
15.240084692986288
15.233473212639604
15.326950497504116
15.209699835751804
15.276292794126507
15.157189617376794
15.044287999927688
15.213801926502926
15.095572165868495
15.178778954812595
15.062091095923039
14.957124591543755
15.304110998142257
15.232942134976472
15.174994967275692
15.074490042070837
15.17079844461113
15.137908847655275
15.176658312914912
15.094252775300337
15.148058614839533
15.069304250631554
15.084914331094106
15.0760000343411
15.276972597709124
15.187427705449974
15.224402072385368
15.025102397472944
15.151362124336195
15.297076559568614
15.027910127180197
15.0308441387545
15.061889491284205
15.037608809960702
15.220086445412448
15.041964659783773
15.04735012283111
15.408945480299456
15.479913671566528
15.301145095218
15.435032308252534
15.267585369080013
15.337196718970883
15.12016082721224
15.361250963148171
15.200703872705338
15.077687428972343
15.301161654506641
15.261400331473546
15.299412384606658
15.087115879368234
15.31762672370253
15.148645644556622
15.101457839414984
15.20303063032871
15.110246418634237
15.275884248844433
15.300889771876632
15.49247353716185
15.350145543371479
15.152471239425477
15.262529302704078
15.100843043950912
15.08155825275926
15.200097668760131
15.204513001116
15.191784656517179
15.230126029769794
15.02524979686466
15.154284279403075
15.177604153827977
15.199072528641207
15.076437902765477
15.181876638221743
15.171288167831381
15.24409608163304
15.249609312355688
15.373286474544955
15.15227779938916
15.232219786898014
15.048031421291174
15.050987547595163
15.29652687132701
15.148645336503035
15.181084568736198
15.308044347192366
15.154955480560153
15.193875548957477
15.29522661091154
15.206510776428589
15.32469324979125
15.250162904210772
15.242381719327616
15.263292482444625
15.093178538220913
15.300659494687341
15.186700383645615
15.090861753997173
15.196355861964216
15.051686595880359
15.03321765808083
15.167175591195994
15.229065645547447
15.247290650322432
15.107710391695484
15.109708291487353
15.158209272589552
15.053816490033968
15.168322974442509
15.113658016246019
15.099331722974183
15.071364554206282
15.311733293704254
15.303414213766475
15.213468437559433
15.2606272363482
15.256392798980459
15.512390695390518
15.293325620529181
15.215066922860629
15.482698025738111
15.388324387573755
15.298566570425642
15.123222399420815
15.361452653884852
15.169990189859297
15.20822946097604
15.276387036128662
15.280007960956052
15.09579884599841
15.195119049215998
15.132887118703994
15.260130233373959
15.140673021324616
15.174462202891505
15.396741090719186
15.271277470974534
15.455535916113469
15.383872502477596
15.265137573207983
15.251161155972062
15.061129041319107
15.435184798469574
15.35089506353855
15.3203052800423
15.630270810990217
15.215336641060476
15.285954957755518
15.31730940871732
15.372720552913913
15.40042494913009
15.467514466497978
15.226123170901976
15.158915699723947
15.324585624842761
15.626510506699681
15.390903353831272
15.153880491775663
15.274657936756965
15.095052912074122
15.261338325400825
15.212093595684772
15.138205118164942
15.11889633957978
15.205864767592157
15.07768794119304
15.18327395979417
15.429064592648649
15.443675575893607
15.314397115573172
15.464564739367773
15.021339104310197
15.20672149594172
15.20806500395011
15.344280487958706
15.32982968448795
15.207944887077915
15.179884275297892
15.313141048158974
15.069443714064649
15.074950491526206
15.079025876936766
15.181197359052012
14.981533097016456
15.20593176698882
15.314493729476721
14.984293161943684
14.898842184493727
14.977720732385981
15.191572195164078
15.574224354318984
15.254957178443151
15.502227141321551
15.17797010177068
15.385839582499315
15.252860446893422
15.23273218982302
15.24969971404635
15.079606242130781
15.083393828914538
15.140295708881204
15.234175217593805
15.110218634856095
14.933011945764221
15.123734504102693
15.006920857064776
15.437068044108393
15.183122786826138
15.16001433171065
15.310034552909293
15.371699665148396
15.184705783929596
15.413059800192157
15.409153795632049
15.100241713954059
15.097029901292874
15.166921130956066
15.084556994165366
15.478872283877585
15.41865174121251
15.323308601946415
15.419663544538432
15.223262403258797
15.157502971733722
15.114619971510397
15.128434753122967
15.209576004218112
15.117141765368288
15.125517385174405
14.990401797328893
15.296431123552802
15.280691386850092
15.17163556427445
15.065434985214502
15.054707155076525
15.28751158389787
15.210146957519234
15.16450587074093
15.507323242301842
15.323579814152207
15.236324226477453
15.266537511752105
15.13810324136347
15.528774582161734
15.047879504729785
14.998153784931555
15.06963662712849
15.200990982250726
15.531115344449846
15.138077757618422
15.040383239723539
15.064163408955553
15.182645410702117
14.88136539924465
15.08773748168609
15.387973137035699
15.153976807865357
15.039110363033332
15.518670413264953
15.619684666436786
15.264664415236505
15.457423634055427
15.34692435049504
15.332115958943238
15.133199993501266
15.42280451399634
15.34955004191588
15.364160301850736
15.40840015524197
15.152084048404337
15.497452494404744
15.128863167938883
15.058420020393172
15.094722767151675
15.082073055746815
15.165253966772841
15.32801010931382
15.369847158041724
15.218098274929826
15.297003954193366
15.04618383132167
15.111008883022533
15.012066140767075
15.3039504608579
14.967587252108602
15.459742745453816
14.984487839322576
15.02750560037629
15.091143068119429
15.124632650365974
15.016675108810952
15.110063915227759
15.242815149902638
15.228782028150153
15.212596476501943
15.109404395128458
15.111894520668649
15.210437490568758
15.054788836249447
15.015370206690339
15.025664536508277
15.13431816625925
15.468788884854334
15.513312316714536
15.568926727816647
15.28693796507326
15.405859640789762
15.096057297498641
15.23230772664298
14.965503911800562
15.439281270886099
15.299678095513654
15.54395065460575
15.264868930319325
15.103778340104633
15.030280079424369
15.035050711432083
15.267959539558099
15.15128072882448
15.313618694953188
15.182388220803464
15.163696064020515
15.240261368742791
15.360143641976979
15.349801756948496
15.126193669836194
15.253954337583817
15.371883233988548
15.392494369459309
15.336098039892264
15.205680224203588
15.303268543159604
15.527620447825921
15.356919859610338
15.21607380465667
15.296122419662682
15.41522819149816
15.069966998753086
15.350622680158668
15.263781538822467
15.222265129692492
15.313059358852295
15.212391603132886
15.300804635070076
15.314365770253179
15.320109408302995
15.582284907998355
15.562757443360754
15.42837332097946
15.707104699479919
15.692239542167101
15.57883109521061
15.383503087231215
15.365768370350951
15.43441868507692
15.248931391487831
15.218838542163255
15.049246951998269
15.309137029745644
15.470587369129868
15.701428230456289
15.323596916402213
15.484692553385566
15.307549192011985
15.528818694142977
15.721636322910694
15.191776382790538
15.382388519236763
15.1068600565701
15.025338937311961
15.156953894101516
15.123364479732295
15.248743081651291
15.485851729874827
15.659994357826337
15.015647057695967
15.60730754603778
15.479652559077488
15.282050927227719
15.344291388643814
15.553695327168349
15.071402055084627
15.302217500715225
15.128476521524515
15.244680527341542
15.338386122118534
15.293136331010206
15.209254122964278
15.032238210439104
14.894704337491014
15.178010016070548
15.114316018595149
15.054956152684666
15.334382194350216
15.295504163785681
15.205781677261221
15.386577482662917
15.510506603449764
15.26528008764945
15.38551517718263
15.419537034858669
15.469949738081052
15.5541318750267
15.141385199081265
15.366680632409295
15.093527888433604
14.946862568969838
15.323783618690197
15.517524735448156
15.556932077960989
15.48121280169025
15.303383236024661
15.209584346345281
15.199050689037879
15.31394277674826
15.50511968862419
15.412753786443568
15.343377630788263
15.039880772791378
14.97046901986284
15.75371363942681
15.265153407565032
15.403330150398567
15.29361368968657
15.182796472518664
15.166386294087816
15.45128112383316
15.308116476634666
15.22304815130025
15.260542155252281
15.283541498022693
15.318804295442146
15.428187519254616
15.466862892725237
15.467385432633357
15.088799179816505
15.200487126586394
15.355375659191264
15.288564505730319
15.339039154199254
15.47176898811738
15.252967271280463
15.30200333532733
15.262303897292924
15.364587391779713
15.214294749849596
15.130947309589956
15.675097760510317
15.606284255991591
15.5995349544317
15.192768575480484
15.4059104148262
15.311173051293716
15.612947091456167
15.361146542959565
15.211965853353627
15.116219658579976
15.465054806512333
15.51635953462836
15.19417799165722
15.18475778698142
15.26206279501309
15.480344218055933
15.140313612793838
15.339380017187187
15.31912866481842
15.276315981490809
15.390090869590178
15.378538417029668
15.320763235881252
15.149160777438999
15.253779099047048
15.339472971472373
15.457457957845943
15.520857713836682
15.387627905117212
15.166929343295482
15.467887142366676
15.204800729683026
15.22329772013037
15.177633447958087
15.027232416422278
15.607212835897721
15.368480575063922
15.132206351073728
15.262092669932374
15.074565203997619
15.083692049522153
15.710137450477092
15.461908815015112
15.29214273481388
15.221827286396433
15.265918199239211
15.45995986228476
15.808180467620694
15.647224370417936
15.489105736841065
15.351748467333373
14.94764360729849
15.456486392123113
15.329172976008461
15.302339743214475
15.050100022064749
15.36207125031374
15.113911901801318
15.15357246653956
15.243246748162338
14.991300275486994
15.054612356062977
15.408055099996963
15.353014926137934
15.527526900367741
16.130236350611284
15.582797487459908
15.391906224938726
15.220574801662158
15.108685408568672
15.535071001167163
15.144956804129068
14.969689755605895
15.218607496171689
14.953862654891195
15.27679721415906
15.161550144759223
15.517128144003275
15.291876072111927
15.201526488687753
15.354571829244193
14.817567665282034
14.75811865647922
14.939559318645804
15.17642241466172
14.957639255857481
15.2725611125019
15.501648765154073
15.565077162615705
15.246482400285204
15.848563734429254
15.488860743407317
15.364475721929276
15.046043811913458
15.668517989653685
15.703877130689822
15.113952992128544
15.531257692454739
14.789849495010728
15.341255634240193
15.57403089322849
15.075345040918053
15.050050883110732
15.180096472415208
15.207558961767159
15.572297779731338
15.621106947683126
15.671501017659573
15.131129219891209
15.310122020917024
15.367019294509824
15.349951449382749
15.257530095797579
15.62882884640525
15.354676533347492
15.134617234750316
15.091460136101421
15.597570165509795
15.079252830175799
15.662454921972458
15.476922142483062
15.308223692441128
15.4305169137907
15.81146127555071
15.265112353605353
15.191509897223563
15.337905743940585
15.468779126495003
15.205478264965866
15.53390105529753
15.458398620573387
15.369285837441556
15.302945179829099
15.662428282347625
15.358768881178674
15.690361506762981
15.623339549492277
15.504936687290037
15.93389898381274
15.538160756885079
15.035216694983333
15.194549692930243
14.885533869876307
15.561801212574812
14.870631548670012
15.008038976397115
14.690488512328141
15.335944944653958
15.121066749338901
15.192916439112953
15.046346047549697
15.087835351673842
15.221896014487811
15.418124076763965
14.965228268475506
15.330277654422412
15.065151568329416
15.253891221792928
15.21567701820694
15.20178852461956
15.515106784529111
15.595123174427394
15.606123284310998
15.613379390006799
15.283121904621314
15.549003450916898
15.23346633818609
15.767995709197727
15.458237401883318
15.360457516214781
15.124856537310517
15.102171361015214
15.398495917045302
15.261708686907053
15.390286698311721
15.547430186128102
14.981469227822984
15.321267488234133
15.20097460861049
15.159503411886908
14.964633894926738
15.540981411457306
15.138927588306501
15.093232243913354
15.305930478430158
15.218379236830323
15.008233444030557
15.332299285928856
15.866126805803344
15.692823322245866
14.987915796751297
15.042924877676782
15.601370785719821
16.01688458496942
15.229235465751294
15.483649112421043
15.47637975243459
15.438243832507915
15.450388215890282
15.301039676860814
15.243179466086147
15.059952899433801
15.046000322577138
15.460783813683843
15.440557735791849
14.991873047592312
15.262084395520002
15.192878680088224
15.208820646913997
15.308855310557352
15.376727096686954
15.54192869390607
15.137554718180931
14.936742110775779
14.844767127139132
15.012354745661547
14.979774941678771
15.05818914953865
15.008426988994515
15.616090001997955
15.700274713710971
15.25290051308734
15.008073534414404
14.870149655874636
15.785946624869862
15.212385689372516
15.496944901160113
15.013013860502172
15.53282046813522
15.258404964387276
15.552666453492455
15.287073267662425
15.69600727414545
14.983317535935821
15.206796306375931
15.073085030577591
15.670475335980788
15.0278423121168
15.201150353075588
15.319085595825532
15.098832296221408
15.646060024719267
14.800775009379203
14.598071376233468
14.832141768927121
14.765456129249468
15.16112302239649
15.383866185880972
15.478957985826746
15.115433948218254
15.576468578391943
15.103649803412795
15.022126839595769
14.68640489077587
14.94593658749867
15.419458863324207
15.494788869154446
14.760201347921308
15.490261372719386
15.37488555210733
14.841640847192487
14.62328665178419
14.86562987715096
14.897503613197452
14.779355457500932
15.09844154608733
15.302403179792499
15.051603517672277
15.39238445743372
15.742631860294004
15.591281468003185
15.007846179675484
14.796437449275134
15.724073443785464
15.28935274858428
15.68017569951935
15.239895241803955
15.205998298980376
15.071427860809695
15.139201178810124
15.528194462998535
15.134437725337676
15.863831193257003
14.83875004955006
14.9535725907426
15.276610561655339
15.019383769985806
15.07095659652983
15.651809824281294
15.499212177717247
14.782603258692513
14.892522300350485
15.06239301522987
15.336999369605676
15.142929959538987
15.229474161010193
15.137359238247896
14.856876456379196
15.542105707536106
15.13515876100684
14.655661342077094
15.85781605212641
15.41543368156043
15.490383176874145
15.179856039901347
14.935033045608748
15.164332341431882
15.302800440262669
15.89799804596028
15.41179784417067
15.00789828010108
15.681794727880948
