9999
9999
9999
9999
9999
9999
9999
9999
9999
9999
9999
9999
9999
9999
9999
9999
9999
9999
9999
3.3806597032029164
3.2909815557949402
3.305927060101005
3.26392229924522
3.2652011364598144
3.288155381359861
3.309438162646486
3.3292257121385647
3.3332397476217825
3.3118234394530157
3.322779768070556
3.312597035892225
3.302920207116123
3.3098389796892906
3.3093760225966036
3.2919992287482964
3.292792769248138
3.2917450489314044
3.301126458867624
3.3132532759102795
3.320413914991431
3.323760807673596
3.3364489153064376
3.321528306163873
3.3411019659793273
3.350904267240607
3.3501008908448267
3.3383254419405266
3.3213367381948338
3.321840847572937
3.319755482861867
3.3056814626606306
3.3060904670574667
3.318494601037088
3.317377730225336
3.32716244425886
3.3366085945696695
3.3445224321294553
3.3308445261811754
3.3267253926096356
3.329330724550011
3.3327353063490603
3.3551855701211593
3.3292159229934084
3.3233313592213802
3.3247309092478057
3.321630936851966
3.3282967084161124
3.344832943740157
3.327700463644699
3.338502300822901
3.3439595901778265
3.3451149216490887
3.356957739148903
3.3510040318943926
3.3456505756992905
3.3694194853073647
3.346291042019455
3.3671204074143657
3.354724866277714
3.3529691734618954
3.3287556299733367
3.330605003585956
3.335508794923905
3.3405038561308
3.345461471051518
3.3461219278682552
3.341901644420296
3.3558329794675554
3.3585418097302346
3.3525639495409245
3.3405187710320035
3.345641838874968
3.3446274313125626
3.3473364975706246
3.3730644610979796
3.3507161975893105
3.3490821847146894
3.3414022725036214
3.3389709179674147
3.3443252773788874
3.352800625003644
3.3506295139148445
3.357180866435775
3.362999606010926
3.37049993238967
3.334019103545105
3.3565539633472374
3.350562668818408
3.3585615777673055
3.33911770372985
3.3525382473996426
3.3473442097322472
3.352717756815852
3.360053050861035
3.3598612551736142
3.3535659026936355
3.3596119427767435
3.3595148183673422
3.3596653558450873
3.363019619475961
3.381523243023953
3.3539139493778696
3.3543104321800983
3.3645525320276746
3.366849723469739
3.3860705839265473
3.3765615443060826
3.3721934209521236
3.3546338689273996
3.3452266091696625
3.3463217378734273
3.3348459981331504
3.3315814737328755
3.3440781571911784
3.3407626106991417
3.3636957143658264
3.3386526277359554
3.3576312815183034
3.374310900900578
3.373551579871379
3.3766896301965152
3.35330940610932
3.357153110381734
3.3526283391881186
3.3546314038852714
3.3537043601178818
3.3519393337782444
3.359670744042989
3.361371363936179
3.3695578328603646
3.350852800772785
3.3747647691157967
3.3473004989302386
3.354557896358272
3.3474007088161257
3.359544809651931
3.3632206002711484
3.3581382139691884
3.3700170167866563
3.385118728569747
3.361461619839551
3.3368295736215723
3.3506083114518463
3.3526010602989182
3.355000537206469
3.375015073146704
3.3687209759352643
3.357282724132326
3.379385467852429
3.3672110301641474
3.376314081275944
3.361376928779133
3.357690968975868
3.354174541487506
3.3746010568085407
3.3587606356638857
3.3509509564961237
3.34825725344489
3.3607363307707305
3.3742399718459395
3.3799329152461777
3.370645325728379
3.357716070924206
3.3497576944917498
3.348580066593902
3.3791320354599748
3.3676677705991205
3.3746240311711384
3.354062196583057
3.3802643807923296
3.360236111374535
3.3707711686849295
3.3479916796217406
3.365511264747881
3.3724359199112772
3.352850485699202
3.3700086722997535
3.3539176303902885
3.3570443282927616
3.3805263617765298
3.3516003849807974
3.380482276340031
3.384121367276826
3.3895710721430183
3.3724356075548356
3.3629509633113677
3.369572161130051
3.3662087271052292
3.3916627939856734
3.380373757563868
3.3610628224883574
3.3609451947660594
3.386121657709453
3.3717626622107004
3.373985812353756
3.3432218492588914
3.3524808577073513
3.370205244561665
3.358260308950234
3.365716206632179
3.3643570281943105
3.3673149308964296
3.365340754193558
3.3977471150932814
3.361132044243339
3.361591580439648
3.3425964215764012
3.3771542437920825
3.3504200975889917
3.346628900043898
3.3643309720235917
3.37759290117738
3.357941399882239
3.37498395939683
3.3613751509939287
3.364165843777752
3.3635689528377344
3.359875754321376
3.369626801717078
3.359513431188466
3.3655579219247533
3.3580555689289735
3.3631352697190278
3.366918822908322
3.3709923665345802
3.376312574208328
3.361135380483279
3.3462268116601175
3.3517885639897527
3.3490087932583887
3.3624669034453554
3.363213656854268
3.3675449145858867
3.3478217733970497
3.335950548456796
3.366830301630005
3.3652705671168404
3.3622393778119655
3.360351490714039
3.3634230792798294
3.367163497394527
3.3616760606167313
3.3763182160193614
3.3704285480915686
3.382983522944385
3.3569508494502576
3.391956826520146
3.3524817464093095
3.3532028526844773
3.3630200156715158
3.3507185051326545
3.374758835227605
3.3706778368660792
3.3829672470994114
3.357244652106157
3.3571587824084324
3.36429341449282
3.352399792317463
3.3770454898779683
3.3613681219080167
3.3638765341397665
3.388039705207346
3.3664949813996583
3.3603731299456348
3.3626317920195987
3.3601730125164524
3.3741999141981185
3.3572574787353786
3.356074833144977
3.3611741571754328
3.354821663742473
3.360793592282713
3.35931019459557
3.376246999866605
3.372220482958832
3.3674946314000387
3.37192612413039
3.3692894413245367
3.3711319290926545
3.3768655992593257
